15 100
780.3756641757058 520.9847434843056
216.15308021083317 59.95404501285908
236.16759858353086 511.1379501945273
230.15366666683317 80.95404501285908
300.25312345083300 79.99106598907525
280.8175500508576 62.7208000160192
447.72081887169367 16.212246993585158
224.4722066404257 266.63176178970355
304.15623392408423 156.72025449883614
597.2353277515089 146.99106598907525
475.65431666437206 305.8175500508576
246.83348259644796 95.25468121114898
83.1385013622544 295.7208000160192
455.2353277515089 389.8175500508576
307.15623392408423 880.72025449883614